30
0.462670 0.401230
0.453912 0.562932
0.490030 0.534844
0.395808 0.119244
0.786245 0.062114
0.465121 0.050092
0.399586 0.746238
0.692860 0.633886
0.030998 0.956483
0.173243 0.698091
0.934500 0.943215
0.072210 0.770938
0.519870 0.669506
0.726514 0.034163
0.405920 0.008588
0.050804 0.804806
0.177961 0.210672
0.017186 0.956487
0.429864 0.046280
0.994951 0.567407
0.305562 0.713636
0.140163 0.068353
0.667044 0.200227
0.704639 0.817868
0.954924 0.841397
0.086558 0.040495
0.937631 0.720963
0.200145 0.952873
0.049837 0.570356
0.608305 0.522573
